1 10 20
100 200 125
201 210 89
900 1000 174
1 1 1
999999 1 525
1 1000 179
1000 1 179
500 750 171
750 500 171
123456 654321 509
654321 123456 509
1 100000 351
100000 1 351
250000 300000 407
10 10 7
100000 100000 129
999999 999999 259
1 500000 449
500000 1 449
1 999999 525
100 500 144
500 100 144
2 200000 383
200000 2 383
100000 200000 383
1 2 2
2 3 8
50 75 116
1 200000 383
199999 2 383
1234 4321 238
4321 1234 238
987654 123456 525
543210 123456 470
100 200000 383
200000 100 383
100 300000 443
300000 100 443
500000 999999 525
10 500000 449
500000 10 449
1 150000 375
150000 1 375
900 950 174
950 900 174
100 101 26
101 100 26
100 200 125
200 100 125
500 600 137
600 500 137
100 1000 179
1000 100 179
2 1000 179
1000 2 179
123 456 144
456 123 144
333 666 145
666 333 145
555 555 31
777 777 34
1234 5678 238
5678 1234 238
1111 2222 182
2222 1111 182
200000 400000 443
400000 200000 443
250000 350000 441
350000 250000 441
1 200000 383
12345 67890 340
67890 12345 340
123 789 171
789 123 171
987 654 179
654 987 179
1 999999 525
987 1234 182
1234 987 182
4321 8765 262
8765 4321 262
1111 1112 45
1112 1111 45
54321 12345 340
12345 54321 340
55555 66666 335
66666 55555 335
999999 888888 507
888888 999999 507
250000 500000 449
500000 250000 449
123 999999 525
999999 123 525
500 1000 179
1000 500 179
9999 1111 262
1111 9999 262
123456 987654 525
99999 1 351
10 20 21
30 40 107
50 60 113
70 80 116
1 2 2
2 4 8
