1 1 1
1 10 20
1 11 20
1 12 20
1 13 20
1 14 20
1 15 20
1 10 20
2 2 2
5 7 17
10 10 7
12 11 15
15 20 21
20 30 112
30 25 112
50 100 119
75 80 36
100 90 119
100 150 122
100 200 125
111 222 125
123 321 131
150 100 122
150 150 16
199 198 120
200 200 27
201 210 89
222 333 144
250 300 123
250 500 144
321 123 131
333 222 144
333 444 134
350 400 126
400 500 142
444 555 142
450 350 134
500 250 144
500 400 142
500 550 137
555 444 142
555 555 31
555 666 145
600 700 145
600 1000 179
666 777 171
700 800 171
750 800 153
750 900 179
777 666 171
777 888 179
800 850 135
800 900 179
888 999 174
900 950 174
900 1000 174
999 888 174
999 999 50
999 1000 112
1000 600 179
1000 900 174
1000 2000 182
1111 1111 32
1111 2222 182
1234 5678 238
1500 1000 182
1500 1600 167
1500 2500 209
1600 1550 167
2000 1500 180
2000 3000 217
2222 2222 33
2345 4321 238
2500 3000 217
3000 2500 217
3210 4321 238
3333 4444 238
3500 2500 217
4000 5000 215
4500 4000 215
5000 4000 215
5000 4500 210
5432 2345 238
5432 4321 215
5555 4444 210
6000 6500 262
6000 7000 262
6666 7777 257
7000 6000 262
7500 8000 252
8000 7500 252
8765 4321 262
8765 9876 260
8888 9999 260
9000 10000 260
9999 8888 260
9999 10000 92
10000 9000 260
10000 10000 30
10000 11000 268
10101 20202 279
11111 22222 279
12345 54321 340
12345 67890 340
15000 14000 271
15000 20000 279
20000 19900 212
20000 19999 67
20000 20000 31
22222 11111 279
25000 20000 282
25000 30000 308
30000 25000 308
30000 35000 311
30303 40404 324
33333 44444 324
35000 25000 311
35000 34000 311
40000 45000 288
40000 50000 314
44444 33333 324
45000 40000 288
50000 45000 314
50000 49999 128
50000 50000 128
50505 60606 340
54321 12345 340
54321 98765 351
55555 44444 340
55555 66666 335
60000 65000 335
60000 70000 335
65432 12345 340
66666 55555 335
70000 60000 335
70707 80808 351
75000 80000 351
75000 85000 351
76543 23456 340
77777 88888 338
80000 75000 351
80000 90000 333
88888 77777 338
90000 85000 333
90000 95000 333
95000 99999 328
98765 54321 351
99999 88888 333
99999 99999 227
